image_width: 2048
image_height: 2048
camera_name: front_camera
camera_matrix:
  rows: 3
  cols: 3
  data:  [1493.449526, 0.000000, 1020.587363,
0.000000, 1494.698118, 1002.857769,
0.000000, 0.000000, 1.000000]


distortion_model: plumb_bob
distortion_coefficients:
  rows: 1
  cols: 5
  data: [-0.167122, 0.097711, -0.000104, 0.001073, 0.000000]
rectification_matrix:
  rows: 3
  cols: 3
  data: [1.000000, 0.000000, 0.000000, 0.000000, 1.000000, 0.000000, 0.000000, 0.000000, 1.000000]
projection_matrix:
  rows: 3
  cols: 4
  data: [1401.797729, 0.000000, 1023.088529, 0.000000,
0.000000, 1403.079224, 1000.964923, 0.000000,
0.000000, 0.000000, 1.000000, 0.000000]
