R0_rect: 1 0 0 0 1 0 0 0 1
camera: 1401.797729 0.000000 1023.088529 0.000000 0.000000 1403.079224 1000.964923 0.000000 0.000000 0.000000 1.000000 0.000000
Tr_velo_to_cam: -0.01077002 -0.99989359  0.00983971 -0.0817314 -0.13857808 -0.00825282 -0.99031712 -0.25648096 0.99029295 -0.0120293  -0.13847445 -1.11617728
